#!/bin/bash

echo -e "\e[48;5;235;38;5;15m48;5;235;38;5;15
\e[48;5;241;38;5;15m48;5;241;38;5;15
\e[48;5;243;38;5;15m48;5;243;38;5;15
\e[48;5;230;38;5;0m48;5;230;38;5;0
\e[48;5;136;38;5;0m48;5;136;38;5;0
\e[48;5;130;38;5;0m48;5;130;38;5;0
\e[48;5;124;38;5;0m48;5;160;38;5;0
\e[48;5;168;38;5;0m48;5;168;38;5;0
\e[48;5;98;38;5;0m48;5;98;38;5;0
\e[48;5;32;38;5;0m48;5;32;38;5;0
\e[48;5;36;38;5;0m48;5;36;38;5;0
\e[48;5;100;38;5;0m48;5;100;38;5;0
\e[38;5;235;48;5;15m38;5;235;48;5;15
\e[38;5;241;48;5;0m38;5;241;48;5;0
\e[38;5;243;48;5;0m38;5;243;48;5;0
\e[38;5;230;48;5;0m38;5;230;48;5;0
\e[38;5;136;48;5;0m38;5;136;48;5;0
\e[38;5;130;48;5;0m38;5;130;48;5;0
\e[38;5;124;48;5;0m38;5;160;48;5;0
\e[38;5;168;48;5;0m38;5;168;48;5;0
\e[38;5;98;48;5;0m38;5;98;48;5;0
\e[38;5;32;48;5;0m38;5;32;48;5;0
\e[38;5;36;48;5;0m38;5;36;48;5;0
\e[38;5;100;48;5;0m38;5;100;48;5;0" | fzf --ansi -m

